UUUUUUUUUUUUUUUU
XXXXXXXXXXXXXXXX
0000000000000000
0000000000000000
0000000000000000
0000111001000010
0000111001000010
0000111001000010
0000111001000010
0000111001000010
0000111001000010
0000011000001011
0000001011011111
0001001011011111
0000011110011110
0001011110011110
0000100011101001
0000010000000110
0000000111111001
0001001000010010
0000011101011110
0001011101011110
0000100011101001
0001100011101000
0010100100101100
0011100110110111
0000111001000010
0001111001000010
0010111010011000
0011111010010111
0000111010011001
0001111010011000
0010111010011000
0011111010010111
0100111111111100
0000111101001001
0001111101001001
0010111101001000
0011111111111101
0100111111111100
0000111101001001
0000011001100110
0001011001100101
0000100010100101
0000001111101011
0000000111100000
0000000011101010
0001000011101010
0000011100000000
0001011100011111
0010011100011111
0000110000101110
0000010101011010
0001010101110111
0000100001100010
0000001111010000
0000000111100000
0001000111011111
0010000111011111
0000101101001000
0001101101101110
0000100111011011
0001100111111110
0010101001000110
0011101011010111
0100101011010110
0101101011010011
0000111110100011
0001111110100011
0000101011011000
0001101011011000
0000100110111000
0001100110111000
0010100110110111
0000110001111101
0001110010100101
0010110010100100
0011110101000101
0100110101000100
0000111101001001
0001111101001001
0010111101001000
0000110101000111
0001110101000111
0000101001000110
0001101001000110
0000100110010101
0001100110111000
0010100110110111
0000110001111101
0000010101110111
0000001010010010
0000000101001011
0000000010100011
0001000010111010
0000011011100001
0001011011100001
0000100011000111
0001100011101000
0000100101001111
0001100101110010
0010100110110111
0000110001111101
0001110010100101
0000101000100010
0001101001000110
0000100110010101
0000010001011001
0001010001011001
0010010001011001
0000101110111010
0001101110111010
0010110000000111
0011110000000110
0100110101000100
0000111101001001
0001111101001001
0010111101001000
0011111111111101
0100111111111100
0000111101001001
0001111101001001
0000101010110011
0000010011001010
0000001001000101
0000000100011011
0000000010001011
0001000010001011
0000011011100001
0000001100101110
0001001101001001
0000011110111111
0000001110011001
0001001110110100
0010001111101010
0011001111101010
0000110111000011
0001110111101101
0000101001101010
0001101010001111
0000100110111000
0000010001011001
0000001000010010
0000000100000010
0000000010001011
0000000001000101
0001000001011100
0000011011000010
0001011011100001
0000100011000111
0001100011101000
0010100100101100
0011100110110111
0100101011010110
0000111100011100
0001111101001001
0000101010110011
0000010011001010
0000001001000101
0001001001000100
0000011101011110
0000001101100100
0000000110101110
0001000110101110
0010000111011111
0000101101001000
0001101101101110
0000100111011011
0001100111111110
0010101001000110
0000110010100101
0000010101110111
0000001010010010
0001001010101011
0010001010101011
0000101101101110
0000010100000011
0000001001011110
0001001001111000
0010001010101011
0011001100010011
0100001100010010
0101001100010000
0000111101110110
0001111110100011
0000101011011000
0000010011001010
0001010011001010
0010010011001001
0011010011001001
0000110111000011
0001110111101101
0000101001101010
0001101010001111
0010101011011000
0011101011010111
0100101011010110
0000111100011100
0000011001100110
0001011001100101
0010011010100010
0000110000000111
0000010100111101
0001010100111100
0010010100111100
0011010110110001
0000110111101101
0000010111101101
0001010111101101
0010011000101001
0000110000000111
0001110000000111
0010110000000111
0011110000000110
0000111001101101
0000011000101001
0001011000101001
0010011000101001
0011011010100010
0000110111101101
0001110111101101
0010110111101101
0000110100011110
0000010110110010
0001010110110001
0010010110110001
0011010110110001
0000110111101101
0001110111101101
0000101001101010
0001101010001111
0000100110111000
0000010001011001
0000001000010010
0001001000010010
0010001001000100
0000101101001000
0001101101101110
0010101101101101
0000110011001101
0001110011110101
0010110101000110
0011110101000101
0000111001101101
0001111010011000
0000101010001111
0001101010001111
0010101011011000
0011101011010111
0100101011010110
0101101011010011
0000111110100011
0001111110100011
0000101011011000
0000010011001010
0000001001000101
0001001001000100
0010001001000100
0000101101001000
0000010100000011
0001010100000011
0010010100111100
0011010110110001
0100011010100001
0101011010011111
0110011010011011
0000111111010001
0000011010100011
0000001100010100
0000000101111100
0000000010111011
0000000001011100
0001000001011100
0010000001011100
0000101011111101
0001101100100010
0000100111011011
0001100111111110
0010101001000110
0011101011010111
0100101011010110
0101101011010011
0110111111110011
0111111111100111
1111111111111110
0000111111111111
0001111111111111
0010111111111110
0000110101000111
0000010110110010
0001010110110001
0000100001100010
0000001111010000
0000000111100000
0001000111011111
0000011100111111
0001011101011110
0010011110011110
0011011110011101
0100100010100011
0000111100011100
0001111101001001
0000101010110011
0000010011001010
0001010011001010
0000100000100000
0000001110110100
0001001110110100
0010001111101010
0011001111101010
0100010011001000
0000111011110000
0001111011110000
0010111101001000
0000110101000111
0000010110110010
0000001010101011
0001001010101011
0000011101111110
0000001101111110
0001001101111110
0000011110111111
0000001110011001
0000000111000111
0000000011101010
0000000001110011
0000000001000101
0000000000101101
0000000000010110
0000000000010110
0000000000010110
0000000000010110
0001000000101101
0010000001011100
0011000010111010
0000110101110000
0000010111001111
0001010111101101
0010011000101001
0000110000000111
0001110000000111
0010110000000111
0011110000000110
0100110101000100
0000111101001001
0000011001100110
0001011001100101
0000100010100101
0000001111101011
0000000111100000
0000000011101010
0000000001110011
0000000001000101
0000000000101101
0001000000101101
0000011011000010
0000001100101110
0000000110010101
0001000110101110
0010000111011111
0011001001000100
0100001100010010
0000111011000100
0000011001000111
0000001011111010
0000000101111100
0000000010111011
0000000001011100
0000000000101101
0000000000010110
0000000000010110
0001000000101101
0010000001011100
0000101011111101
0000010011100110
0001010100000011
0010010100111100
0000101111100001
0001110000000111
0000100111111111
0001100111111110
0000100110010101
0001100110111000
0010100110110111
0011100110110111
0000111001000010
0000011000001011
0000001011011111
0000000101100100
0001000101111100
0000011100011111
0000001101001001
0001001101001001
0010001101111110
0000101110010100
0001101110111010
0000100111111111
0001100111111110
0000100110010101
0001100110111000
0010100110110111
0011100110110111
0000111001000010
0000011000001011
0001011000101001
0010011000101001
0011011010100010
0000110111101101
0001110111101101
0000101001101010
0000010010101110
0000001001000101
0001001001000100
0000011101011110
0001011101011110
0010011110011110
0000110000101110
0000010101011010
0000001010010010
0001001010101011
0010001010101011
0011001100010011
0100001100010010
0000111011000100
0001111011110000
0010111101001000
0011111111111101
0100111111111100
0101111111111001
0110111111110011
0111111111100111
1111111111111110
1111111111111110
1111111111111110
0000111111111111
0001111111111111
0000101011011000
0001101011011000
0000100110111000
0001100110111000
0000100101110010
0000010000111110
0000001000010010
0001001000010010
0010001001000100
0011001001000100
0000110110011001
0000010111001111
0001010111101101
0010011000101001
0011011010100010
0000110111101101
0001110111101101
0010110111101101
0011111010010111
0000111010011001
0001111010011000
0000101010001111
0000010010101110
0001010011001010
0000100000100000
0001100000100000
0000100100001011
0000010000100010
0000000111111001
0000000100000010
0001000100011010
0010000100011010
0000101100100011
0000010011100110
0000001001011110
0001001001111000
0010001010101011
0000101101101110
0000010100000011
0001010100000011
0000100001000001
0000001111010000
0001001111101011
0010001111101010
0011001111101010
0100010011001000
0000111011110000
0000011001000111
0000001011111010
0000000101111100
0000000010111011
0000000001011100
0001000001011100
0000011011000010
0000001100101110
0001001101001001
0000011110111111
0000001110011001
0000000111000111
0000000011101010
0000000001110011
0001000010001011
0000011011100001
0001011011100001
0010011100011111
0011011110011101
0100100010100011
0101101011010011
0110111111110011
0111111111100111
0000111111111111
0000011010100011
0000001100010100
0001001100010100
0010001100010100
0011001100010011
0000110110011001
0000010111001111
0001010111101101
0010011000101001
0011011010100010
0100011010100001
0101011010011111
0110011010011011
0000111111010001
0001111111111111
0010111111111110
0000110101000111
0001110101000111
0000101001000110
0000010010010001
0001010010010001
0010010011001001
0000101110111010
0001101110111010
0010110000000111
0011110000000110
0000111001101101
0001111010011000
0000101010001111
0000010010101110
0001010011001010
0010010011001001
0011010011001001
0000110111000011
0001110111101101
0010110111101101
0011111010010111
0000111010011001
0000011000101001
0001011000101001
0000100010000100
0001100010100101
0010100010100100
0011100010100100
0000111000011000
0001111001000010
0000101010001111
0000010010101110
0000001001000101
0001001001000100
0000011101011110
0000001101100100
0000000110101110
0000000011010010
0000000001110011
0000000001000101
0001000001011100
0010000001011100
0011000010111010
0100000101111011
0000111011000100
0000011001000111
0000001011111010
0000000101111100
0000000010111011
0000000001011100
0001000001011100
0010000001011100
0000101011111101
0001101100100010
0010101101101101
0011110000000110
0100110101000100
0000111101001001
0000011001100110
0000001011111010
0001001100010100
0010001100010100
0000101101101110
0000010100000011
0000001001011110
0001001001111000
0010001010101011
0000101101101110
0000010100000011
0000001001011110
0000000100110011
0000000010100011
0001000010111010
0000011011100001
0001011011100001
0000100011000111
0000010000000110
0001010000100010
0000011111111111
0000001110110100
0000000111000111
0000000011101010
0001000011101010
0010000100011010
0000101100100011
0000010011100110
0001010100000011
0000100001000001
0000001111010000
0001001111101011
0010001111101010
0000101110010100
0000010100100000
0000001001111000
0000000100110011
0000000010100011
0000000001011100
0001000001011100
0010000001011100
0011000010111010
0000110101110000
0001110110011001
0000101001101010
0001101010001111
0000100110111000
0001100110111000
0000100101110010
0000010000111110
0000001000010010
0000000100000010
0001000100011010
0000011100000000
0001011100011111
0010011100011111
0000110000101110
0001110001010101
0010110010100100
0011110101000101
0000111001101101
0000011000101001
0000001011011111
0001001011011111
0010001100010100
0000101101101110
0000010100000011
0000001001011110
0000000100110011
0000000010100011
0000000001011100
0001000001011100
0010000001011100
0000101011111101
0001101100100010
0000100111011011
0001100111111110
0010101001000110
0000110010100101
0000010101110111
0000001010010010
0001001010101011
0010001010101011
0000101101101110
0001101101101110
0010101101101101
0011110000000110
0000111001101101
0000011000101001
0001011000101001
0000100010000100
0001100010100101
0000100100101101
0001100100101101
0000100101001111
0001100101110010
0000100101110010
0000010000111110
0000001000010010
0001001000010010
0000011101011110
0000001101100100
0001001101111110
0010001101111110
0011001111101010
0000110111000011
0001110111101101
0000101001101010
0000010010101110
0001010011001010
0010010011001001
0011010011001001
0000110111000011
0001110111101101
0010110111101101
0000110100011110
0000010110110010
0000001010101011
0000000101001011
0000000010100011
0000000001011100
0001000001011100
0000011011000010
0001011011100001
0010011100011111
0000110000101110
0000010101011010
0001010101110111
0000100001100010
0001100001100010
0000100100101101
0000010000100010
0001010000100010
0000011111111111
0001100000100000
0000100100001011
0000010000100010
0001010000100010
0010010001011001
0011010011001001
0000110111000011
0001110111101101
0010110111101101
0011111010010111
0000111010011001
0001111010011000
0000101010001111
0001101010001111
0010101011011000
0000110010100101
0001110010100101
0010110010100100
0011110101000101
0000111001101101
0000011000101001
0001011000101001
0000100010000100
0000001111101011
0001001111101011
0000011111011111
0001011111011111
0000100100001011
0001100100101101
0000100101001111
0001100101110010
0010100110110111
0000110001111101
0001110010100101
0010110010100100
0000110011110101
0001110011110101
0010110101000110
0011110101000101
0000111001101101
0001111010011000
0000101010001111
0001101010001111
0000100110111000
0001100110111000
0000100101110010
0001100101110010
0010100110110111
0000110001111101
0000010101110111
0001010101110111
0000100001100010
0001100001100010
0010100010100100
0000110001010110
0000010101011010
0001010101110111
0000100001100010
0000001111010000
0001001111101011
0000011111011111
0001011111011111
0000100100001011
0000010000100010
0001010000100010
0010010001011001
0000101110111010
0001101110111010
0010110000000111
0011110000000110
0000111001101101
0000011000101001
0001011000101001
0010011000101001
0000110000000111
0000010100111101
0000001001111000
0000000100110011
0001000101001011
0000011100011111
0001011100011111
0010011100011111
0000110000101110
0000010101011010
0001010101110111
0010010110110001
0000101111100001
0000010100111101
0000001001111000
0000000100110011
0000000010100011
0001000010111010
0010000010111010
0000101011111101
0001101100100010
0010101101101101
0011110000000110
0000111001101101
0000011000101001
0001011000101001
0000100010000100
0001100010100101
0000100100101101
0001100100101101
0010100100101100
0000110001111101
0001110010100101
0010110010100100
0011110101000101
0100110101000100
0000111101001001
0001111101001001
0010111101001000
0000110101000111
0001110101000111
0000101001000110
0001101001000110
0010101001000110
0000110010100101
0001110010100101
0010110010100100
0011110101000101
0100110101000100
0000111101001001
0000011001100110
0001011001100101
0010011010100010
0000110000000111
0001110000000111
0000100111111111
0001100111111110
0010101001000110
0000110010100101
0000010101110111
0000001010010010
0000000101001011
0001000101001011
0010000101111100
0011000101111011
0100000101111011
0101001100010000
0000111101110110
0000011010000100
0001011010100011
0010011010100010
0011011010100010
0000110111101101
0000010111101101
0000001011000101
0001001011011111
0000011110011110
0000001101111110
0000000110101110
0000000011010010
0001000011101010
0000011100000000
0001011100011111
0000100011000111
0001100011101000
0000100101001111
0001100101110010
0010100110110111
0000110001111101
0000010101110111
0000001010010010
0001001010101011
0010001010101011
0000101101101110
0001101101101110
0000100111011011
0000010001110101
0000001000101011
0001001001000100
0000011101011110
0000001101100100
0000000110101110
0000000011010010
0001000011101010
0000011100000000
0001011100011111
0010011100011111
0000110000101110
0000010101011010
0000001010010010
0001001010101011
0010001010101011
0011001100010011
0100001100010010
0101001100010000
0110011010011011
0000111111010001
0001111111111111
0000101011011000
0001101011011000
0010101011011000
0000110010100101
0001110010100101
0000101000100010
0001101001000110
0000100110010101
0000010001011001
0000001000010010
0001001000010010
0000011101011110
0001011101011110
0000100011101001
0000010000000110
0001010000100010
0000011111111111
0001100000100000
0010100000100000
0011100010100100
0000111000011000
0001111001000010
0010111010011000
0000110100011110
0000010110110010
0000001010101011
0000000101001011
0001000101001011
0000011100011111
0000001101001001
0000000110010101
0000000011010010
0000000001110011
0000000001000101
0001000001011100
0000011011000010
0001011011100001
0010011100011111
0000110000101110
0000010101011010
0000001010010010
0001001010101011
0000011101111110
0001011110011110
0010011110011110
0011011110011101
0100100010100011
0101101011010011
0000111110100011
0001111110100011
0000101011011000
0001101011011000
0010101011011000
0011101011010111
0100101011010110
0000111100011100
0001111101001001
0000101010110011
0000010011001010
0001010011001010
0010010011001001
0011010011001001
0000110111000011
0000010111101101
0001010111101101
0010011000101001
0000110000000111
0000010100111101
0000001001111000
0001001001111000
0010001010101011
0000101101101110
0000010100000011
0001010100000011
0010010100111100
0011010110110001
0000110111101101
0001110111101101
0010110111101101
0011111010010111
0000111010011001
0001111010011000
0010111010011000
0011111010010111
0100111111111100
0000111101001001
0000011001100110
0001011001100101
0010011010100010
0011011010100010
0100011010100001
0000111011110000
0001111011110000
0010111101001000
