0000000000000000
0000000000000000
0000000000000000
0000000000000000
0000000000000000
0000000000000000
0000000000000000
0000000000000000
0000000000000000
0000000000000000
0000000000000000
0000000000000000
0000000000000000
0000000000000000
0000000000000000
0000000000000000
UU00000000000000
XX00000000000000
0000000000000000
0000000000000000
0000000000000000
0010101010111000
0010101010111000
0010101010111000
0010101010111000
0010101010111000
0010101010111000
0001101111001111
0001001100101011
0011000100100101
0001111100111001
0011011011111011
0010000111000101
0001011010110001
0000111111100011
0011000000010111
0001111010110101
0011011010110000
0010000111000101
0011100001110110
0100100010011000
0101010111110011
0010101010111000
0011111000111011
0100110100111010
0101100110000001
0010101100111001
0011111010010011
0100110100111010
0101100110000001
0110010100101110
0010110000111011
0011111101000111
0100110111001011
0101101010000000
0110010100101110
0010110000111011
0001110010011110
0011010110001010
0010000101000011
0001011001100100
0000111101111101
0000101011010001
0010111010000111
0001110111101110
0011011001100110
0100011011000011
0010011101111011
0001101000101100
0011010001101010
0010000011000001
0001011000010111
0000111101111101
0010111111010011
0100000111011000
0010011000000000
0011101101000000
0010001110000100
0011100110101110
0100100110001111
0101011011001000
0110000111011111
0110101111010010
0010110010111100
0011111110100010
0010010101000001
0011101010011110
0010001101000101
0011100101100000
0100100100010010
0010011111111011
0011110010001101
0100101110010111
0101100010001110
0110001101110010
0010110000111011
0011111101000111
0100110111001011
0010100100111001
0011110100110111
0010010001000011
0011100111111101
0010001100000101
0011100101100000
0100100100010010
0010011111111011
0001101001110010
0001001000100011
0000110011011101
0000100100000111
0010111001000101
0001110110101100
0011011000011101
0010000110000100
0011100001110110
0010001010000100
0011100100010001
0100100100010010
0010011111111011
0011110010001101
0010010000000011
0011100111111101
0010001100000101
0001011110010111
0011001100001000
0100010000110101
0010011010111110
0011101110010010
0100101100010001
0101011110100111
0110001101110010
0010110000111011
0011111101000111
0100110111001011
0101101010000000
0110010100101110
0010110000111011
0011111101000111
0010010100000001
0001100011000010
0001000100001011
0000101111100101
0000100001010110
0010111000000100
0001110110101100
0001010000101100
0011000110101111
0001111101111100
0001010101110101
0011001000111000
0100001111001101
0101000110000100
0010100111111000
0011110111100100
0010010010000010
0011101001001110
0010001101000101
0001011110010111
0001000001000111
0000101101011011
0000100001010110
0000010111011111
0010110111000010
0001110101101001
0011011000011101
0010000110000100
0011100001110110
0100100010011000
0101010111110011
0110000111011111
0010101111111010
0011111101000111
0010010100000001
0001100011000010
0001000100001011
0011000001011010
0001111010110101
0001010011010101
0000111010101001
0010111110010010
0100000111011000
0010011000000000
0011101101000000
0010001110000100
0011100110101110
0100100110001111
0010100000111011
0001101001110010
0001001000100011
0011000011100001
0100001010011101
0010011000111111
0001100101010011
0001000101101000
0011000010011110
0100001010011101
0101000011011010
0101110010100111
0110011100011100
0010110001111100
0011111110100010
0010010101000001
0001100011000010
0011001110010101
0100010010011110
0101001000110010
0010100111111000
0011110111100100
0010010010000010
0011101001001110
0100101000001101
0101011011001000
0110000111011111
0010101111111010
0001110010011110
0011010110001010
0100011001010010
0010011100111100
0001100111100100
0011010000100010
0100010100001001
0101001011100110
0010101000111000
0001101110001010
0011010011111001
0100010111100011
0010011100111100
0011101111100101
0100101100010001
0101011110100111
0010101011111000
0001110000010100
0011010101000010
0100010111100011
0101001110011111
0010101000111000
0011110111100100
0100110010101011
0010100011111001
0001101100000000
0011010010110001
0100010101110101
0101001011100110
0010101000111000
0011110111100100
0010010010000010
0011101001001110
0010001101000101
0001011110010111
0001000001000111
0011000000010111
0100001000111010
0010011000000000
0011101101000000
0100101010001110
0010100001111010
0011110011100001
0100110000011111
0101100010001110
0010101011111000
0011111010010011
0010010011000011
0011101001001110
0100101000001101
0101011011001000
0110000111011111
0110101111010010
0010110010111100
0011111110100010
0010010101000001
0001100011000010
0001000100001011
0011000001011010
0100001000111010
0010011000000000
0001100101010011
0011001111011100
0100010100001001
0101001011100110
0101111100010100
0110100101001100
0111001010011001
0010110011111110
0001110100100101
0001001111011001
0000110111001000
0000100110101011
0000011011001000
0010110111000010
0100000001011011
0010010110000000
0011101011101110
0010001110000100
0011100110101110
0100100110001111
0101011011001000
0110000111011111
0110101111010010
0111011110110100
0111111111110011
1011010100000100
0010110100111111
0011111111111110
0100111001100000
0010100100111001
0001101100000000
0011010010110001
0010000011000001
0001011000010111
0000111101111101
0010111111010011
0001111001110100
0011011010110000
0100011100110110
0101010001011111
0110000001101100
0010101111111010
0011111101000111
0010010100000001
0001100011000010
0011001110010101
0010000000111111
0001010111000101
0011001000111000
0100001111001101
0101000110000100
0101110111010100
0010101110111001
0011111011101101
0100110111001011
0010100100111001
0001101100000000
0001001001111010
0011000011100001
0001111011110111
0001010100100100
0011000111110011
0001111101111100
0001010101110101
0000111100010101
0000101011010001
0000011110010101
0000010111011111
0000010010111110
0000001101010001
0000001101010001
0000001101010001
0000001101010001
0010110110000000
0100000001011011
0100111011111001
0010100101111001
0001101101000100
0011010011111001
0100010111100011
0010011100111100
0011101111100101
0100101100010001
0101011110100111
0110001101110010
0010110000111011
0001110010011110
0011010110001010
0010000101000011
0001011001100100
0000111101111101
0000101011010001
0000011110010101
0000010111011111
0000010010111110
0010110110000000
0001110101101001
0001010000101100
0000111000111010
0010111110010010
0100000111011000
0101000000110110
0101110010100111
0010101101111001
0001110001011000
0001001110000100
0000110111001000
0000100110101011
0000011011001000
0000010010111110
0000001101010001
0000001101010001
0010110110000000
0100000001011011
0010010110000000
0001100100001010
0011001111011100
0100010100001001
0010011011111110
0011101111100101
0010001111000101
0011100110101110
0010001100000101
0011100101100000
0100100100010010
0101010111110011
0010101010111000
0001101111001111
0001001100101011
0000110101010111
0010111101001110
0001111000110000
0001010010000001
0011000110101111
0100001101100110
0010011001111111
0011101110010010
0010001111000101
0011100110101110
0010001100000101
0011100101100000
0100100100010010
0101010111110011
0010101010111000
0001101111001111
0011010101000010
0100010111100011
0101001110011111
0010101000111000
0011110111100100
0010010010000010
0001100001111001
0001000100001011
0011000001011010
0001111010110101
0011011010110000
0100011100110110
0010011101111011
0001101000101100
0001001000100011
0011000011100001
0100001010011101
0101000011011010
0101110010100111
0010101101111001
0011111011101101
0100110111001011
0101101010000000
0110010100101110
0110111011010101
0111011110110100
0111111111110011
1011010100000100
1011010100000100
1011010100000100
0010110100111111
0011111111111110
0010010101000001
0011101010011110
0010001101000101
0011100101100000
0010001011000101
0001011101001101
0001000001000111
0011000000010111
0100001000111010
0101000000110110
0010100110111000
0001101101000100
0011010011111001
0100010111100011
0101001110011111
0010101000111000
0011110111100100
0100110010101011
0101100110000001
0010101100111001
0011111010010011
0010010011000011
0001100001111001
0011001110010101
0010000000111111
0011011110010001
0010001000000101
0001011100000000
0000111111100011
0000101101011011
0010111011001001
0100000100010111
0010010111000001
0001100100001010
0001000101101000
0011000010011110
0100001010011101
0010011000111111
0001100101010011
0011001111011100
0010000010000000
0001011000010111
0011001001111110
0100001111001101
0101000110000100
0101110111010100
0010101110111001
0001110001011000
0001001110000100
0000110111001000
0000100110101011
0000011011001000
0010110111000010
0001110101101001
0001010000101100
0011000110101111
0001111101111100
0001010101110101
0000111100010101
0000101011010001
0000011110010101
0010111000000100
0001110110101100
0011011000011101
0100011011000011
0101010001011111
0110000001101100
0110101111010010
0111011110110100
0111111111110011
0010110100111111
0001110100100101
0001001111011001
0011000101101010
0100001100000001
0101000011011010
0010100110111000
0001101101000100
0011010011111001
0100010111100011
0101001110011111
0101111100010100
0110100101001100
0111001010011001
0010110011111110
0011111111111110
0100111001100000
0010100100111001
0011110100110111
0010010001000011
0001100000101101
0011001101001110
0100010010011110
0010011010111110
0011101110010010
0100101100010001
0101011110100111
0010101011111000
0011111010010011
0010010011000011
0001100001111001
0011001110010101
0100010010011110
0101001000110010
0010100111111000
0011110111100100
0100110010101011
0101100110000001
0010101100111001
0001110000010100
0011010101000010
0010000100000011
0011100000101010
0100100000011111
0101010100100101
0010101001111001
0011111000111011
0010010011000011
0001100001111001
0001000100001011
0011000001011010
0001111010110101
0001010011010101
0000111010101001
0000101000111111
0000011110010101
0000010111011111
0010110111000010
0100000001011011
0100111011111001
0101101110001100
0010101101111001
0001110001011000
0001001110000100
0000110111001000
0000100110101011
0000011011001000
0010110111000010
0100000001011011
0010010110000000
0011101011101110
0100101010001110
0101011110100111
0110001101110010
0010110000111011
0001110010011110
0001001110000100
0011000101101010
0100001100000001
0010011000111111
0001100101010011
0001000101101000
0011000010011110
0100001010011101
0010011000111111
0001100101010011
0001000101101000
0000110001100011
0000100100000111
0010111001000101
0001110110101100
0011011000011101
0010000110000100
0001011010110001
0011001011000011
0001111111111101
0001010111000101
0000111100010101
0000101011010001
0010111010000111
0100000100010111
0010010111000001
0001100100001010
0011001111011100
0010000010000000
0001011000010111
0011001001111110
0100001111001101
0010011001111111
0001100110011100
0001000111000110
0000110001100011
0000100100000111
0000011011001000
0010110111000010
0100000001011011
0100111011111001
0010100101111001
0011110110001101
0010010010000010
0011101001001110
0010001101000101
0011100101100000
0010001011000101
0001011101001101
0001000001000111
0000101101011011
0010111011001001
0001110111101110
0011011001100110
0100011011000011
0010011101111011
0011110000111000
0100101110010111
0101100010001110
0010101011111000
0001110000010100
0001001100101011
0011000100100101
0100001100000001
0010011000111111
0001100101010011
0001000101101000
0000110001100011
0000100100000111
0000011011001000
0010110111000010
0100000001011011
0010010110000000
0011101011101110
0010001110000100
0011100110101110
0100100110001111
0010100000111011
0001101001110010
0001001000100011
0011000011100001
0100001010011101
0010011000111111
0011101101000000
0100101010001110
0101011110100111
0010101011111000
0001110000010100
0011010101000010
0010000100000011
0011100000101010
0010001001000101
0011100011000100
0010001010000100
0011100100010001
0010001011000101
0001011101001101
0001000001000111
0011000000010111
0001111010110101
0001010011010101
0011000111110011
0100001101100110
0101000110000100
0010100111111000
0011110111100100
0010010010000010
0001100001111001
0011001110010101
0100010010011110
0101001000110010
0010100111111000
0011110111100100
0100110010101011
0010100011111001
0001101100000000
0001001001111010
0000110011011101
0000100100000111
0000011011001000
0010110111000010
0001110101101001
0011011000011101
0100011011000011
0010011101111011
0001101000101100
0011010001101010
0010000011000001
0011011111011101
0010001001000101
0001011100000000
0011001011000011
0001111111111101
0011011110010001
0010001000000101
0001011100000000
0011001011000011
0100010000110101
0101001000110010
0010100111111000
0011110111100100
0100110010101011
0101100110000001
0010101100111001
0011111010010011
0010010011000011
0011101001001110
0100101000001101
0010100000111011
0011110010001101
0100101110010111
0101100010001110
0010101011111000
0001110000010100
0011010101000010
0010000100000011
0001011001100100
0011001001111110
0001111110111101
0011011101000110
0010001000000101
0011100011000100
0010001010000100
0011100100010001
0100100100010010
0010011111111011
0011110010001101
0100101110010111
0010100010111001
0011110011100001
0100110000011111
0101100010001110
0010101011111000
0011111010010011
0010010011000011
0011101001001110
0010001101000101
0011100101100000
0010001011000101
0011100100010001
0100100100010010
0010011111111011
0001101001110010
0011010001101010
0010000011000001
0011011111011101
0100100000011111
0010011110111100
0001101000101100
0011010001101010
0010000011000001
0001011000010111
0011001001111110
0001111110111101
0011011101000110
0010001000000101
0001011100000000
0011001011000011
0100010000110101
0010011010111110
0011101110010010
0100101100010001
0101011110100111
0010101011111000
0001110000010100
0011010101000010
0100010111100011
0010011100111100
0001100111100100
0001000111000110
0000110001100011
0010111100001100
0001111000110000
0011011001100110
0100011011000011
0010011101111011
0001101000101100
0011010001101010
0100010101110101
0010011011111110
0001100111100100
0001000111000110
0000110001100011
0000100100000111
0010111001000101
0100000010111000
0010010110000000
0011101011101110
0100101010001110
0101011110100111
0010101011111000
0001110000010100
0011010101000010
0010000100000011
0011100000101010
0010001001000101
0011100011000100
0100100010011000
0010011111111011
0011110010001101
0100101110010111
0101100010001110
0110001101110010
0010110000111011
0011111101000111
0100110111001011
0010100100111001
0011110100110111
0010010001000011
0011100111111101
0100100110001111
0010100000111011
0011110010001101
0100101110010111
0101100010001110
0110001101110010
0010110000111011
0001110010011110
0011010110001010
0100011001010010
0010011100111100
0011101111100101
0010001111000101
0011100110101110
0100100110001111
0010100000111011
0001101001110010
0001001000100011
0000110011011101
0010111100001100
0100000101110111
0100111110010101
0101101110001100
0110011100011100
0010110001111100
0001110011100001
0011010111010100
0100011001010010
0101001110011111
0010101000111000
0001101110001010
0001001011010100
0011000100100101
0001111100111001
0001010100100100
0000111010101001
0000101000111111
0010111010000111
0001110111101110
0011011001100110
0010000110000100
0011100001110110
0010001010000100
0011100100010001
0100100100010010
0010011111111011
0001101001110010
0001001000100011
0011000011100001
0100001010011101
0010011000111111
0011101101000000
0010001110000100
0001011111100010
0001000010101000
0011000001011010
0001111010110101
0001010011010101
0000111010101001
0000101000111111
0010111010000111
0001110111101110
0011011001100110
0100011011000011
0010011101111011
0001101000101100
0001001000100011
0011000011100001
0100001010011101
0101000011011010
0101110010100111
0110011100011100
0111001010011001
0010110011111110
0011111111111110
0010010101000001
0011101010011110
0100101000001101
0010100000111011
0011110010001101
0010010000000011
0011100111111101
0010001100000101
0001011110010111
0001000001000111
0011000000010111
0001111010110101
0011011010110000
0010000111000101
0001011010110001
0011001011000011
0001111111111101
0011011110010001
0100011110101010
0101010100100101
0010101001111001
0011111000111011
0100110100111010
0010100011111001
0001101100000000
0001001001111010
0000110011011101
0010111100001100
0001111000110000
0001010010000001
0000111000111010
0000101000111111
0000011110010101
0000010111011111
0010110111000010
0001110101101001
0011011000011101
0100011011000011
0010011101111011
0001101000101100
0001001000100011
0011000011100001
0001111011110111
0011011011111011
0100011100110110
0101010001011111
0110000001101100
0110101111010010
0010110010111100
0011111110100010
0010010101000001
0011101010011110
0100101000001101
0101011011001000
0110000111011111
0010101111111010
0011111101000111
0010010100000001
0001100011000010
0011001110010101
0100010010011110
0101001000110010
0010100111111000
0001101110001010
0011010011111001
0100010111100011
0010011100111100
0001100111100100
0001000111000110
0011000010011110
0100001010011101
0010011000111111
0001100101010011
0011001111011100
0100010100001001
0101001011100110
0010101000111000
0011110111100100
